16
0 432 752 452 683 655 785 402 968 22 217 853 835 277 242 753
432 0 455 477 203 979 981 215 584 753 227 427 77 89 202 85
752 455 0 581 993 516 332 444 550 338 581 304 657 602 520 509
452 477 581 0 788 148 750 540 602 227 94 581 559 308 516 664
683 203 993 788 0 886 294 92 975 847 528 907 839 396 590 635
655 979 516 148 886 0 945 927 215 248 583 168 119 92 955 618
785 981 332 750 294 945 0 193 846 220 771 291 152 330 951 19
402 215 444 540 92 927 193 0 345 836 312 436 162 159 964 68
968 584 550 602 975 215 846 345 0 349 711 657 983 655 935 549
22 753 338 227 847 248 220 836 349 0 255 870 68 725 313 374
217 227 581 94 528 583 771 312 711 255 0 343 505 219 914 276
853 427 304 581 907 168 291 436 657 870 343 0 862 65 957 812
835 77 657 559 839 119 152 162 983 68 505 862 0 83 653 999
277 89 602 308 396 92 330 159 655 725 219 65 83 0 746 88
242 202 520 516 590 955 951 964 935 313 914 957 653 746 0 513
753 85 509 664 635 618 19 68 549 374 276 812 999 88 513 0
