8
0 506 801 997 312 671 746 780
506 0 634 349 891 378 259 767
801 634 0 806 899 355 545 800
997 349 806 0 780 454 434 962
312 891 899 780 0 618 193 546
671 378 355 454 618 0 523 309
746 259 545 434 193 523 0 880
780 767 800 962 546 309 880 0
