300
0 118 579 90 535 606 866 184 117 687 749 528 58 299 772 163 493 729 738 672 797 747 267 453 731 785 629 14 170 486 309 74 955 887 515 842 845 380 25 313 66 125 841 123 424 612 637 268 692 726 939 841 824 205 293 555 989 273 920 511 111 228 584 65 467 99 906 663 830 283 975 248 407 815 722 182 779 711 449 822 436 387 662 260 944 306 166 932 579 85 794 689 313 378 105 131 828 11 793 9 293 767 256 51 934 330 233 64 40 33 885 475 420 547 86 715 204 251 646 782 688 792 822 352 521 927 482 700 289 274 708 933 392 316 983 325 645 567 740 36 600 625 862 371 523 948 85 726 550 82 508 237 873 681 940 393 607 421 92 247 46 152 179 438 467 514 114 463 80 854 498 679 478 359 49 1000 658 485 725 208 567 584 796 439 617 736 184 223 508 275 822 554 778 1000 991 244 513 456 58 945 309 555 623 138 914 24 137 923 860 214 130 426 149 278 217 765 365 400 340 872 26 161 425 804 512 767 399 377 223 457 321 531 363 295 21 628 670 157 551 530 722 32 307 223 309 523 987 25 274 678 897 300 190 673 455 702 440 205 430 14 661 750 896 24 396 916 651 418 425 553 299 498 585 605 720 893 480 59 270 753 736 166 404 926 838 210 979 629 415 408 994 75 509 890 450 256 157 453 673 581
118 0 5 971 79 589 576 798 834 407 208 103 159 944 620 563 221 809 772 199 790 538 606 783 965 114 24 414 369 181 218 394 113 223 364 191 163 291 341 996 697 548 450 208 843 69 122 63 230 245 261 19 783 218 153 747 683 177 512 404 357 730 797 821 952 512 12 466 155 704 814 203 603 263 410 446 684 883 508 265 128 121 283 262 338 435 8 21 963 871 424 319 600 220 140 903 83 503 369 237 558 534 440 160 796 201 957 831 84 817 447 211 937 729 472 274 516 831 646 478 53 69 149 653 640 640 907 723 494 627 959 51 160 750 562 308 951 519 490 34 687 937 596 623 17 419 248 532 249 894 362 653 314 510 305 954 149 564 28 994 190 986 44 350 88 957 657 38 827 146 71 513 82 666 135 99 84 383 982 684 628 343 336 941 852 993 246 352 556 273 345 745 611 740 94 698 697 102 735 523 248 805 36 681 822 522 779 905 256 113 940 883 455 275 176 659 267 421 10 822 46 707 919 656 446 12 705 494 114 439 369 713 595 404 393 416 277 524 672 533 636 611 767 90 237 294 748 504 715 110 677 112 816 947 767 613 959 471 107 424 261 475 488 207 230 880 974 506 755 645 390 390 607 509 832 843 802 931 698 868 392 727 979 559 673 97 172 983 919 630 758 179 104 245 385 685 477 358 542 231
579 5 0 354 932 973 960 440 156 155 241 438 204 109 182 282 87 740 955 536 911 289 454 540 47 633 995 643 369 31 471 727 573 54 432 504 378 744 295 533 250 887 322 453 995 503 735 434 595 41 969 857 681 422 749 727 406 743 722 775 774 192 853 698 245 284 201 622 379 847 506 628 733 180 81 80 34 167 513 628 559 833 485 239 606 233 318 12 327 39 138 452 582 990 149 179 625 701 152 4 547 658 983 280 189 63 359 222 581 223 202 139 407 686 730 12 270 47 375 948 85 512 752 18 853 252 196 830 953 700 185 851 709 167 482 897 582 192 470 162 414 671 653 820 708 382 184 329 428 558 277 864 422 380 233 274 631 781 103 583 480 287 786 188 806 267 84 387 459 553 900 224 576 552 396 283 285 579 612 712 488 240 927 909 619 160 535 249 940 637 184 771 276 969 958 81 587 41 819 45 945 718 269 520 270 16 155 554 594 118 618 433 357 896 342 327 55 228 927 346 216 462 116 491 782 73 923 369 465 741 765 762 811 385 633 80 400 139 985 345 256 954 778 964 850 471 290 904 698 569 602 265 30 69 756 164 494 30 532 310 123 296 71 933 33 56 364 432 194 348 129 450 302 906 413 503 728 55 406 777 975 359 41 4 428 148 167 921 178 50 230 652 698 653 936 730 708 299 513 253
90 971 354 0 998 641 702 651 898 467 153 625 873 911 401 847 269 442 202 48 941 721 320 470 770 902 121 819 554 56 900 613 706 413 865 56 405 919 706 303 737 211 279 609 121 680 807 741 473 8 141 413 728 460 235 850 361 355 20 266 763 920 230 820 684 447 875 88 717 581 742 453 143 21 413 263 700 219 355 524 226 495 288 306 955 522 155 667 229 174 285 343 93 514 162 128 312 37 216 28 969 957 832 111 977 244 725 28 462 79 903 688 574 543 993 880 64 499 898 644 672 182 986 117 48 148 244 359 536 811 739 856 768 570 966 96 814 42 124 627 120 378 314 45 920 658 276 984 156 174 979 180 355 965 296 754 464 891 465 351 702 203 206 821 124 523 916 289 564 391 916 683 769 581 80 688 239 355 23 746 528 2 925 235 318 572 340 133 815 804 483 516 358 40 688 834 562 603 122 125 346 37 159 114 618 238 153 208 945 176 953 472 529 230 58 198 801 398 330 967 553 164 834 263 203 521 96 116 476 217 240 821 606 750 934 575 988 438 782 932 613 86 755 493 315 165 690 468 914 371 434 818 534 268 80 88 140 175 203 615 744 794 435 701 544 720 275 883 158 408 166 122 493 272 615 160 436 656 627 701 27 412 519 912 31 950 1000 171 125 554 785 220 700 572 920 595 643 546 477 152
535 79 932 998 0 953 994 626 797 265 240 956 53 247 934 105 273 346 623 185 376 573 536 898 49 89 35 620 140 958 891 734 600 436 562 104 740 907 729 536 172 320 492 576 566 425 680 191 122 655 375 850 579 910 747 979 350 781 950 842 738 840 575 690 627 489 145 366 395 873 253 918 544 96 845 461 873 525 651 994 531 25 843 461 286 942 439 636 722 740 477 812 579 403 853 557 243 997 922 638 221 174 555 764 270 400 224 142 276 875 487 158 251 682 618 537 623 408 524 696 147 352 859 77 106 711 633 349 59 906 986 279 431 892 394 52 643 970 545 270 196 32 427 446 713 396 334 687 803 857 382 301 560 241 729 666 303 361 14 362 618 999 640 49 242 386 100 885 355 645 154 550 28 933 995 92 328 681 778 131 537 159 783 97 751 512 114 54 224 127 767 842 477 758 890 718 143 341 954 497 337 108 398 716 392 745 807 719 425 584 201 961 95 984 409 197 847 522 602 70 1000 368 263 476 126 504 194 620 845 499 469 533 958 866 249 349 610 55 68 34 991 268 347 437 603 107 985 449 981 587 871 980 954 133 456 431 637 1 51 481 499 871 365 457 736 613 805 698 20 224 731 10 492 429 798 446 536 782 895 516 368 765 847 674 897 654 456 533 654 858 365 505 728 730 313 816 694 469 513 713
606 589 973 641 953 0 693 595 722 536 24 871 981 911 653 227 778 372 343 624 397 240 278 205 124 283 62 841 787 142 570 451 957 263 920 821 328 612 415 401 499 438 272 831 348 276 58 477 999 400 101 396 991 378 952 467 660 365 307 799 506 228 249 814 842 168 986 169 131 401 570 981 190 193 812 890 468 221 366 466 972 466 213 963 195 164 781 207 881 87 5 386 666 253 552 507 773 537 28 255 937 949 588 479 141 399 368 960 971 733 777 942 551 342 904 745 857 36 951 737 122 307 123 139 912 26 998 684 562 25 290 851 325 877 681 817 627 48 776 597 132 552 539 682 245 794 779 102 830 729 838 303 388 312 442 299 337 439 334 251 815 623 453 139 852 133 955 478 532 82 427 663 985 317 697 230 110 475 331 291 555 168 946 942 480 739 240 168 177 573 770 343 548 222 833 399 706 139 228 237 220 6 900 556 322 596 785 784 70 467 74 624 987 19 566 818 109 157 985 637 730 755 979 277 328 163 27 34 301 606 270 872 612 169 780 933 116 564 716 537 383 142 513 369 512 430 186 621 586 170 257 315 276 588 943 604 750 321 637 403 927 906 274 890 427 53 822 894 969 890 431 351 31 943 71 894 372 256 514 957 777 123 624 53 710 918 656 459 591 644 213 517 901 839 406 327 243 579 573 211
866 576 960 702 994 693 0 820 3 913 202 297 983 96 668 238 961 976 367 83 951 419 144 869 426 955 459 69 167 327 321 5 84 1000 248 14 572 810 834 574 723 35 870 57 482 889 647 795 216 13 877 167 783 373 387 208 327 197 628 845 875 948 850 958 947 449 971 518 258 156 443 332 543 664 741 24 552 739 818 768 751 47 286 885 419 672 92 97 220 719 941 94 18 142 51 965 942 373 834 200 881 277 883 423 940 975 798 844 713 968 963 815 14 600 699 784 271 790 232 490 860 524 935 878 18 985 194 959 709 27 510 589 655 745 363 947 719 161 142 432 128 104 598 493 703 297 628 325 438 859 166 298 382 100 527 399 436 72 710 496 450 219 85 457 963 447 403 682 959 544 465 86 999 62 930 53 358 557 377 796 415 894 445 149 345 323 899 780 746 608 275 195 827 711 651 141 510 53 822 468 948 638 906 946 700 835 998 409 392 726 556 158 971 352 306 315 674 205 94 419 164 721 966 342 431 616 483 292 21 656 760 320 294 17 618 345 851 967 105 242 693 661 400 663 364 57 978 390 613 423 160 777 495 125 118 926 93 600 569 465 608 328 784 901 344 401 597 547 368 701 788 412 713 539 426 429 596 755 818 208 178 977 336 672 454 454 949 898 405 518 362 12 197 497 264 893 250 212 439 969
184 798 440 651 626 595 820 0 265 578 380 977 469 157 757 416 912 574 975 89 903 311 112 356 116 61 605 520 930 966 884 478 814 147 370 63 711 160 31 975 738 762 303 206 919 60 973 830 633 947 270 887 257 381 594 372 793 198 244 722 163 127 200 977 625 921 391 335 81 422 309 170 535 964 727 453 23 699 634 7 645 903 894 254 284 487 625 428 37 220 502 551 346 53 879 323 973 270 657 405 43 318 574 577 281 300 30 655 998 663 661 995 918 906 248 553 393 224 980 781 444 481 331 141 533 210 463 858 479 472 262 521 789 836 449 421 135 830 75 485 493 87 479 762 993 78 314 385 301 293 517 96 774 847 237 658 56 699 515 886 522 777 758 310 612 207 82 98 36 508 582 880 595 412 641 587 489 954 323 142 599 839 237 724 685 825 381 93 524 896 330 45 24 88 707 987 646 140 84 33 648 18 265 242 781 257 828 622 563 502 763 161 340 351 884 376 176 616 468 51 511 798 447 886 237 153 872 234 645 308 266 292 677 882 885 457 139 64 78 53 565 192 213 904 895 448 631 70 63 99 120 926 248 566 811 484 71 35 717 715 342 334 358 18 216 242 826 706 657 256 758 221 799 322 476 693 769 106 762 831 556 233 108 803 799 919 286 221 305 354 935 646 40 644 15 255 885 192 312 541
117 834 156 898 797 722 3 265 0 799 69 113 598 390 940 290 510 45 404 340 601 636 800 755 786 70 393 6 374 746 292 371 137 935 385 391 171 928 54 63 727 122 527 324 863 466 965 372 511 368 64 463 4 863 217 141 932 609 147 305 707 790 675 843 77 411 586 247 338 639 662 416 113 188 91 975 654 56 347 516 423 410 978 778 272 546 271 203 507 417 859 213 558 533 407 634 295 992 881 632 983 894 400 95 81 490 69 734 545 415 249 320 176 578 449 447 124 719 1 630 487 859 194 45 743 600 678 37 592 910 21 574 803 420 20 884 909 88 969 806 503 570 125 678 147 573 477 270 292 477 251 130 688 444 174 430 396 204 819 339 465 839 264 268 610 283 503 518 370 823 675 224 392 799 254 539 724 730 160 367 558 763 496 597 558 670 379 953 225 197 291 689 387 554 308 996 188 810 865 558 985 540 781 376 338 34 266 413 115 426 779 25 540 275 621 97 296 999 50 520 547 340 208 933 246 516 280 433 677 145 342 661 684 475 389 373 860 654 786 975 431 564 351 970 838 971 67 485 322 116 4 868 807 212 153 404 727 432 189 755 576 530 416 611 4 804 984 864 809 121 190 240 684 540 209 874 862 275 358 183 742 362 403 901 925 907 304 3 338 844 757 266 374 172 876 729 327 211 592 136
687 407 155 467 265 536 913 578 799 0 331 133 727 367 672 935 240 534 562 949 68 655 662 822 555 586 728 211 588 66 54 697 683 779 220 910 508 547 473 451 34 803 584 760 521 607 46 112 492 607 61 912 262 722 733 816 660 461 378 599 878 432 295 560 210 515 821 69 61 293 520 446 448 455 557 968 413 602 80 905 209 140 816 822 213 900 989 872 360 367 471 237 150 117 148 359 631 969 780 43 261 651 488 708 105 44 28 869 646 107 125 206 598 292 27 810 192 367 34 551 733 856 140 882 972 287 593 603 607 372 645 220 374 485 279 830 528 306 698 525 764 823 82 361 466 460 523 657 827 556 560 559 763 699 793 734 337 385 688 296 108 685 515 481 169 145 662 48 451 359 925 214 533 6 927 999 466 449 7 292 4 566 202 766 616 994 851 305 730 539 600 189 575 114 21 743 258 682 142 60 393 66 626 925 424 552 275 241 1000 282 532 3 847 85 120 815 431 322 119 512 212 718 701 786 183 73 880 792 107 22 852 499 439 477 775 862 28 50 102 379 331 985 733 529 70 852 343 852 525 461 363 737 530 415 522 712 488 402 504 594 775 707 92 213 535 866 75 914 267 528 292 597 513 24 478 934 227 172 137 751 985 499 839 514 914 361 226 753 114 81 346 888 787 789 100 321 6 526 234 273
749 208 241 153 240 24 202 380 69 331 0 54 877 221 918 900 50 203 478 222 339 580 206 837 419 719 102 779 296 854 244 376 199 131 514 339 582 186 345 108 771 969 513 647 189 430 898 239 632 375 812 970 955 17 158 725 87 260 855 383 113 98 110 664 580 976 354 161 513 50 620 284 18 484 282 559 913 532 149 896 258 960 217 212 328 375 288 414 986 142 148 450 239 258 465 170 585 819 683 97 868 302 732 238 786 14 796 50 545 944 298 802 255 514 366 582 240 653 347 577 147 495 27 385 104 491 907 688 309 589 784 529 890 868 766 27 881 913 429 777 208 78 578 462 943 295 395 183 300 741 111 446 235 137 182 690 980 88 377 640 676 513 520 918 380 285 296 612 197 724 388 404 801 317 217 96 964 611 630 263 704 740 60 290 229 241 980 208 681 356 199 356 220 719 273 951 3 921 562 552 644 301 307 797 618 524 892 933 486 521 547 189 612 606 479 840 846 458 399 526 165 598 234 385 668 858 335 22 778 249 573 774 549 880 570 518 755 813 802 240 685 348 429 648 953 907 488 151 716 238 28 880 835 261 264 502 471 951 524 248 551 448 21 451 679 942 321 433 106 122 673 142 470 101 790 774 359 629 924 74 866 304 953 53 916 569 554 386 871 429 634 773 229 6 223 907 300 895 340 405
528 103 438 625 956 871 297 977 113 133 54 0 17 364 899 838 816 688 611 526 316 887 599 533 542 903 585 457 823 491 843 45 919 828 817 499 185 392 406 484 286 97 241 302 812 139 491 627 178 454 152 845 340 102 377 881 356 962 689 179 452 531 223 722 710 40 221 895 783 978 730 68 74 322 722 885 460 212 863 989 665 366 833 356 467 210 588 822 523 277 352 974 807 575 695 869 966 267 115 748 244 844 815 317 166 888 553 977 100 767 966 764 132 150 472 950 359 59 124 233 335 475 206 494 401 253 362 366 519 476 465 763 671 632 431 836 519 336 165 970 454 130 734 586 279 205 887 990 263 10 222 950 485 780 443 885 32 804 603 902 631 419 16 301 402 799 489 273 134 5 242 587 134 327 524 764 531 411 105 146 420 679 95 256 810 889 493 193 44 447 94 674 217 462 326 619 260 166 243 393 170 484 331 655 811 207 771 693 617 227 838 388 905 284 996 66 172 840 258 567 286 704 592 854 165 270 824 424 435 66 168 957 550 498 963 360 704 733 52 672 312 242 412 568 877 407 634 401 246 243 967 883 946 559 736 110 828 560 885 614 625 52 922 174 902 237 885 957 969 937 981 632 530 392 200 406 150 833 806 747 75 773 629 373 683 716 834 862 275 719 475 252 122 749 777 375 985 662 684 305
58 159 204 873 53 981 983 469 598 727 877 17 0 950 16 937 831 407 136 236 908 320 42 654 746 166 634 118 848 349 952 709 976 22 535 227 143 635 355 870 619 368 553 276 669 920 212 499 678 699 735 585 370 128 590 115 645 223 233 844 571 536 904 546 557 790 124 51 425 831 920 395 198 824 670 867 743 881 365 420 931 451 356 300 930 945 767 574 167 351 417 738 886 672 635 794 462 111 844 886 941 116 280 490 939 302 356 34 534 721 453 465 523 809 116 453 105 882 26 272 232 795 361 469 466 347 262 279 809 458 516 749 573 796 239 863 97 946 896 630 18 701 446 541 861 562 993 965 795 370 236 379 516 948 199 334 295 461 612 103 918 128 204 842 275 794 704 723 739 600 704 757 300 150 297 512 63 641 476 209 10 64 587 526 11 786 859 657 598 822 760 867 949 315 708 575 108 763 297 846 362 1 954 13 502 250 876 564 890 352 124 252 415 711 129 777 848 339 434 797 160 545 15 461 859 74 35 966 836 684 811 550 684 765 914 537 366 790 100 608 493 575 211 259 637 339 35 484 677 468 632 188 12 646 1000 870 719 387 187 555 70 350 456 105 466 369 641 831 158 92 790 650 666 1000 908 303 338 295 138 366 114 770 906 478 767 257 699 486 643 886 392 64 235 847 168 700 567 160 882 77
299 944 109 911 247 911 96 157 390 367 221 364 950 0 251 24 78 269 23 338 923 713 632 60 430 745 181 335 222 948 944 921 785 586 158 528 2 744 726 169 795 292 681 676 368 283 699 446 551 74 783 473 786 766 885 215 510 65 902 84 364 197 356 500 782 865 27 783 608 104 304 402 396 336 429 115 618 480 912 521 553 46 345 690 811 229 256 673 646 509 108 361 705 815 861 487 679 239 621 286 343 276 39 90 611 467 204 581 946 468 101 850 513 797 539 676 26 795 348 23 303 807 383 8 621 595 846 299 186 818 936 528 446 974 969 408 792 524 988 738 991 440 587 856 237 478 531 614 272 230 988 926 36 370 285 656 317 482 306 502 652 241 381 449 566 701 856 357 224 196 446 567 635 385 422 223 862 952 836 485 533 823 410 568 545 47 575 213 880 880 66 531 472 798 979 37 498 187 393 721 382 191 287 368 575 60 591 436 363 778 920 895 953 681 814 849 727 388 61 959 267 126 841 738 923 820 126 772 358 871 492 739 61 131 458 635 542 48 70 905 178 341 151 130 21 965 978 100 352 38 58 619 515 898 708 789 69 834 560 778 704 403 516 764 885 974 750 427 373 819 331 550 511 481 679 531 445 8 982 149 397 391 767 911 641 826 51 61 659 610 839 714 365 354 829 249 679 578 675 404
772 620 182 401 934 653 668 757 940 672 918 899 16 251 0 748 357 953 258 190 984 141 986 991 122 134 388 865 252 650 505 78 701 565 736 662 403 802 26 109 630 275 139 208 301 542 955 658 847 565 199 830 705 184 820 826 318 559 690 569 209 546 646 261 463 734 922 865 535 948 325 164 574 816 723 874 357 30 883 203 594 81 32 298 265 204 475 934 114 517 502 674 62 500 934 524 233 856 741 119 803 417 634 376 232 357 601 589 386 484 143 979 564 175 628 180 730 102 113 195 618 615 869 680 466 802 555 50 657 295 168 811 712 153 538 943 861 139 883 246 622 26 576 537 552 203 717 633 657 181 827 274 795 695 305 612 849 860 661 505 154 180 668 217 333 205 512 193 343 394 791 316 419 718 205 970 273 273 602 929 453 781 202 600 475 507 211 675 718 872 532 223 51 199 440 383 755 951 928 450 344 718 765 115 435 321 84 707 593 38 987 46 818 189 645 644 47 855 319 764 78 850 338 129 400 777 863 154 79 790 603 775 859 720 889 646 40 324 352 985 713 691 382 530 879 26 526 277 232 196 392 662 397 729 142 796 858 356 301 936 498 256 710 356 975 598 1 366 274 705 702 986 395 83 868 625 460 393 253 44 940 996 705 336 724 198 483 933 553 783 869 50 38 930 758 364 880 110 82 153
163 563 282 847 105 227 238 416 290 935 900 838 937 24 748 0 814 783 138 560 866 5 184 325 749 788 720 688 783 776 23 507 973 857 791 526 640 659 927 29 589 684 393 820 794 474 972 959 256 461 519 473 818 54 150 566 842 869 606 624 645 980 482 617 837 273 494 828 283 421 856 223 456 248 42 601 73 365 560 681 826 78 153 995 483 654 912 324 875 517 300 519 849 133 487 685 757 333 512 40 105 719 614 560 319 656 161 391 372 72 423 549 149 928 543 983 581 455 659 455 323 958 325 171 442 164 207 199 496 70 590 952 789 203 511 107 210 23 849 582 94 272 130 594 199 673 929 131 479 587 938 801 896 262 324 337 777 530 535 624 600 124 575 388 679 438 846 888 460 694 821 906 317 303 851 867 975 779 998 805 717 287 957 612 900 280 949 677 810 483 300 761 959 875 148 989 312 345 876 123 38 49 380 355 351 583 221 677 361 570 481 430 856 437 41 756 69 989 784 878 824 83 638 134 309 137 122 620 481 349 95 870 397 474 576 747 56 797 775 769 718 607 198 926 44 590 33 112 579 816 341 754 898 330 887 559 818 360 178 298 708 624 519 457 450 95 555 505 243 330 625 960 936 174 237 331 764 269 794 694 84 134 447 334 815 685 892 632 44 421 281 751 397 800 207 846 246 114 702 488
493 221 87 269 273 778 961 912 510 240 50 816 831 78 357 814 0 443 327 799 378 852 36 709 967 304 854 660 740 340 458 425 154 142 668 138 537 440 770 640 836 921 198 681 166 311 383 5 753 61 804 483 912 839 543 231 494 396 890 585 735 700 361 241 841 28 378 730 468 499 369 655 420 566 336 937 877 70 942 981 130 745 463 393 935 5 623 780 753 865 717 839 564 77 79 756 105 808 485 924 659 205 578 78 771 265 14 999 334 955 979 815 51 794 560 985 150 534 765 902 398 481 741 313 909 171 421 13 331 905 288 989 110 218 66 232 482 431 230 168 738 208 334 788 1 893 773 151 779 889 404 528 721 496 841 981 667 261 994 349 517 633 337 978 850 754 209 332 536 790 851 273 350 184 61 702 429 185 852 207 425 608 734 497 103 926 477 121 538 822 469 407 807 157 384 656 262 945 339 798 86 189 422 435 725 834 137 153 370 340 711 146 947 796 642 402 722 471 874 611 644 343 17 450 851 753 458 465 49 796 262 134 337 35 921 413 869 57 565 238 748 627 384 695 422 377 448 495 199 321 106 843 15 474 644 866 578 101 330 978 249 943 464 585 329 384 997 197 792 913 787 539 539 522 585 312 250 32 807 449 353 264 643 367 89 286 584 667 387 265 644 635 559 459 571 888 842 919 436 633
729 809 740 442 346 372 976 574 45 534 203 688 407 269 953 783 443 0 183 574 172 73 95 756 384 697 140 190 145 492 805 787 210 894 424 794 912 810 58 907 796 969 366 366 856 207 636 291 192 818 217 715 890 311 822 274 7 961 815 503 804 972 641 14 865 65 807 776 874 216 682 670 184 399 387 391 958 23 34 149 192 250 215 82 912 388 707 919 349 521 773 504 844 414 517 708 478 675 835 351 891 869 372 426 267 111 169 224 485 202 724 676 451 290 757 714 678 463 632 378 336 405 881 179 818 398 239 647 72 425 349 314 293 721 92 912 183 260 487 667 813 563 342 615 852 451 328 529 265 960 906 952 716 787 483 885 536 721 531 959 497 879 625 790 951 716 53 485 327 539 151 139 453 845 753 305 295 432 185 911 743 443 863 458 229 345 694 116 417 576 74 913 807 698 54 109 765 458 594 91 997 96 581 801 940 685 105 586 117 290 497 859 732 711 669 312 407 714 779 823 290 852 87 448 902 493 556 18 950 501 461 298 597 41 99 536 78 555 474 194 844 970 404 927 32 424 590 438 138 368 260 427 572 698 226 825 190 781 842 492 634 302 789 230 695 239 117 772 794 590 317 989 559 72 916 942 496 857 379 633 577 990 411 500 688 636 324 229 768 517 72 401 819 213 982 865 451 99 636 244
738 772 955 202 623 343 367 975 404 562 478 611 136 23 258 138 327 183 0 688 304 233 599 727 500 540 222 708 919 206 284 908 616 783 947 603 458 528 723 975 599 123 145 811 105 9 262 203 996 857 242 299 89 840 25 940 380 599 648 298 804 283 557 420 66 504 374 875 383 96 849 981 571 993 144 675 1 405 229 348 613 470 646 54 662 23 993 41 621 640 690 776 923 246 547 340 101 921 214 483 16 415 464 586 759 959 612 112 363 192 459 327 14 457 380 675 479 373 67 451 364 756 226 638 1 773 329 454 693 895 936 60 309 751 998 67 709 961 530 423 505 989 750 870 445 481 544 275 853 962 725 569 717 950 558 69 74 887 522 118 781 810 530 441 560 879 859 269 839 389 43 695 377 792 564 821 273 459 95 477 420 171 397 136 472 955 557 546 841 78 15 973 887 544 413 799 422 271 419 613 659 461 307 35 605 871 207 229 681 653 57 101 823 454 588 295 408 144 192 600 574 206 572 460 750 984 610 523 606 28 135 265 489 442 651 445 664 858 673 344 862 81 796 685 534 384 331 293 527 522 244 100 727 815 912 828 150 521 351 108 549 837 372 389 630 374 185 293 231 209 989 445 289 784 129 175 167 459 467 46 332 711 145 410 877 408 238 379 929 940 486 829 776 209 569 758 582 105 50 165
672 199 536 48 185 624 83 89 340 949 222 526 236 338 190 560 799 574 688 0 313 390 609 601 174 89 775 692 899 594 737 230 656 234 639 884 641 228 262 921 519 99 749 647 659 669 404 241 773 805 757 85 195 365 38 720 453 164 411 703 757 500 932 764 733 922 648 725 502 261 646 372 712 746 18 370 767 773 610 539 578 718 976 124 82 365 843 886 528 605 588 637 104 871 400 188 145 399 265 646 660 910 369 723 7 387 92 125 511 54 664 88 771 991 563 205 707 405 90 234 10 30 222 465 252 974 653 396 724 917 393 383 178 762 105 536 500 549 661 10 602 676 450 372 18 12 576 724 769 18 309 130 399 883 594 650 856 598 398 579 866 142 314 395 255 770 931 754 318 943 116 271 618 917 643 987 280 570 710 48 587 370 177 337 252 123 987 459 720 736 38 938 877 703 332 484 824 262 589 142 556 704 764 173 972 406 511 252 328 220 651 266 942 180 603 193 302 589 652 373 676 41 310 904 95 642 387 918 255 976 411 811 679 175 335 3 932 846 606 259 417 256 525 358 435 127 551 88 67 554 461 94 946 770 997 40 763 384 957 18 359 720 180 389 894 514 391 177 711 996 436 128 604 312 837 38 790 387 478 856 292 938 949 237 59 297 628 822 680 937 839 38 656 18 779 901 883 169 77 594
797 790 911 941 376 397 951 903 601 68 339 316 908 923 984 866 378 172 304 313 0 517 864 73 120 175 909 509 964 648 986 171 939 275 471 528 334 768 507 155 799 443 345 189 450 362 967 350 596 487 779 189 3 642 613 474 169 522 335 484 169 672 7 459 947 829 986 280 948 493 786 747 287 130 935 737 843 901 438 438 387 216 979 742 210 591 567 730 464 901 213 632 573 571 443 871 400 780 502 347 624 287 93 911 416 379 647 610 279 84 47 18 652 377 111 861 320 677 590 783 930 154 767 502 725 561 724 124 340 225 470 964 511 915 874 278 293 872 887 924 307 285 293 958 662 403 170 333 79 111 467 8 265 585 861 341 145 584 464 485 160 285 448 670 551 673 947 844 896 185 119 202 470 411 512 483 813 33 167 243 144 633 603 760 570 463 100 714 399 563 550 558 199 997 580 750 21 878 945 916 63 415 470 884 825 981 718 989 13 884 583 508 868 185 267 437 1000 366 503 750 280 52 659 479 401 590 580 421 468 524 689 882 290 158 117 114 138 834 454 502 69 388 10 936 925 276 725 924 642 227 25 273 278 683 751 678 273 682 451 92 557 139 325 846 296 441 311 785 274 116 286 694 504 295 629 428 923 705 703 916 931 79 188 209 761 291 238 385 972 688 828 529 826 152 726 121 592 37 905 217
747 538 289 721 573 240 419 311 636 655 580 887 320 713 141 5 852 73 233 390 517 0 152 543 262 7 837 891 434 111 595 488 26 878 566 566 438 679 856 675 415 179 363 243 59 540 746 785 13 690 821 269 906 324 811 520 331 1000 762 116 110 708 604 488 585 169 53 22 199 908 697 614 86 411 856 497 950 601 281 314 290 453 583 548 776 745 67 106 744 180 574 206 887 177 45 472 697 97 493 896 356 541 509 793 951 716 289 253 668 569 918 310 21 500 209 149 245 627 606 340 806 179 897 692 355 941 163 404 37 8 299 392 548 159 537 851 874 825 455 541 746 372 850 766 224 410 266 468 36 872 159 841 50 56 533 757 996 47 160 385 54 810 128 954 968 664 804 841 489 610 733 234 981 935 351 204 344 617 23 380 488 534 220 889 589 104 645 936 151 156 672 556 965 800 509 932 463 664 772 303 273 857 888 606 791 591 161 134 207 536 865 46 69 437 286 9 540 931 296 42 86 968 598 51 767 106 334 581 122 106 236 746 314 123 703 104 713 864 589 271 751 454 668 171 242 954 531 781 236 826 823 321 145 772 723 911 229 57 844 350 514 79 448 179 553 150 282 618 365 222 240 115 27 908 637 268 213 167 49 448 993 223 120 137 994 195 400 222 603 595 924 468 25 371 646 577 520 279 546 237
267 606 454 320 536 278 144 112 800 662 206 599 42 632 986 184 36 95 599 609 864 152 0 500 786 703 527 45 340 794 609 506 194 408 850 416 527 339 761 73 738 335 675 684 258 494 708 980 139 636 851 417 182 87 269 319 790 795 715 481 940 675 986 134 82 188 901 608 526 662 681 615 996 707 298 605 201 357 936 691 992 138 108 525 225 728 195 366 522 909 198 461 935 535 946 16 722 847 624 247 508 656 213 855 714 862 811 266 218 746 957 210 883 416 86 459 143 281 176 16 541 373 828 476 260 774 491 981 620 466 580 479 473 792 333 539 6 495 804 223 592 760 784 826 527 870 637 669 502 812 684 394 537 512 869 796 637 712 128 256 529 59 86 354 203 770 892 208 264 695 430 855 807 566 32 333 787 668 354 288 832 389 33 368 252 254 515 888 965 994 495 845 53 580 198 255 349 441 462 964 136 243 170 294 808 202 978 594 869 331 233 700 720 266 419 323 519 285 211 835 279 57 679 683 637 229 937 337 669 750 301 156 992 822 801 152 23 779 97 892 109 330 943 180 947 362 855 465 998 65 651 628 473 681 310 461 261 598 798 930 699 450 437 43 271 238 194 646 16 290 537 476 971 831 8 269 544 862 85 542 278 735 169 102 416 831 563 676 428 360 957 127 161 746 169 783 983 714 428 350
453 783 540 470 898 205 869 356 755 822 837 533 654 60 991 325 709 756 727 601 73 543 500 0 355 316 177 678 147 184 946 690 397 31 583 26 765 752 128 532 582 690 560 361 401 868 839 913 613 359 695 947 72 475 296 779 790 473 456 288 8 401 978 405 783 560 430 548 663 557 431 596 598 342 957 998 210 147 910 174 506 957 121 929 431 416 707 220 240 514 508 248 267 837 652 49 748 433 948 411 342 731 358 939 72 314 289 633 461 198 807 318 506 279 246 936 46 305 156 286 818 15 533 436 203 536 485 950 968 784 712 309 514 70 600 938 735 888 570 547 437 728 864 943 6 462 878 52 118 385 689 935 751 221 723 953 756 207 255 75 342 966 736 856 387 335 793 122 222 714 20 10 442 236 952 799 697 182 202 814 566 890 100 669 110 822 621 217 380 875 644 74 193 379 929 579 713 73 52 286 786 72 295 579 307 599 378 355 780 931 520 697 821 971 365 930 145 986 499 524 212 142 597 404 520 877 983 584 301 34 221 439 457 515 17 115 113 746 469 244 29 988 941 849 959 305 130 455 642 628 978 854 121 927 257 992 155 591 575 456 977 795 246 785 662 614 900 774 712 368 370 740 708 310 588 18 614 717 472 256 345 801 461 817 79 69 809 234 12 383 41 340 530 286 124 191 899 23 316 610
731 965 47 770 49 124 426 116 786 555 419 542 746 430 122 749 967 384 500 174 120 262 786 355 0 743 685 349 802 994 288 819 960 5 642 567 701 442 27 517 873 447 325 458 458 708 850 797 237 135 273 779 385 295 94 347 389 779 47 190 124 335 360 83 691 1 1 391 795 27 907 667 826 232 476 283 291 325 432 879 811 704 657 547 350 102 893 739 880 292 928 356 978 640 438 668 640 439 58 786 817 316 804 642 899 279 277 189 603 708 419 765 763 427 312 112 529 556 850 408 847 130 115 176 121 553 843 760 343 252 898 511 568 701 153 818 980 781 7 934 840 777 699 602 204 362 713 732 917 915 491 116 396 606 291 516 510 486 627 852 737 524 714 656 225 218 474 556 998 832 841 837 608 891 438 163 252 503 246 169 417 737 636 164 694 926 679 203 411 657 406 500 181 471 155 757 689 980 312 686 163 504 875 771 395 312 285 646 166 531 166 582 619 801 97 312 79 127 866 841 784 623 340 964 93 847 720 133 178 383 819 341 886 693 463 280 356 747 278 874 277 795 455 247 596 904 558 26 30 775 866 813 749 206 776 194 404 847 326 581 581 496 921 819 540 383 98 248 130 727 121 758 522 927 5 469 830 914 494 860 41 359 672 789 916 800 334 319 998 660 900 579 155 172 397 695 555 846 942 36
785 114 633 902 89 283 955 61 70 586 719 903 166 745 134 788 304 697 540 89 175 7 703 316 743 0 573 414 145 446 340 149 914 170 415 407 29 455 117 52 595 33 203 929 703 201 940 954 131 94 126 879 140 32 724 433 67 648 846 211 445 186 712 358 707 478 116 735 932 585 138 878 969 341 158 671 541 97 977 23 543 102 901 682 133 976 467 551 976 664 113 420 201 824 130 907 301 245 993 584 829 131 814 149 823 971 820 715 68 796 737 610 249 989 643 733 964 461 283 939 477 395 359 677 571 840 936 223 84 928 807 265 410 620 413 584 942 584 298 9 731 386 970 979 374 965 711 690 777 345 628 253 92 338 282 662 177 217 884 613 496 42 229 258 13 993 193 955 577 491 315 307 228 637 638 954 953 348 643 81 45 622 334 136 312 967 149 840 535 384 452 382 426 32 639 790 25 184 744 601 674 411 259 253 47 896 206 351 596 200 431 640 822 116 775 133 82 923 972 968 306 776 350 83 807 340 873 183 523 968 135 548 378 746 801 776 641 358 126 236 558 909 227 379 24 353 863 458 275 186 425 933 961 774 367 120 114 591 654 988 559 789 536 288 534 688 64 526 45 541 114 954 449 340 684 473 693 546 282 319 732 706 603 44 832 970 163 945 560 169 284 118 957 819 758 842 858 821 367 255
629 24 995 121 35 62 459 605 393 728 102 585 634 181 388 720 854 140 222 775 909 837 527 177 685 573 0 713 480 208 162 172 892 986 864 437 267 182 520 972 785 564 803 106 78 99 665 246 735 135 554 553 892 395 763 64 114 17 776 945 224 289 116 467 274 979 904 892 513 775 216 649 338 18 754 768 469 770 13 203 256 919 107 499 313 221 914 778 237 42 723 813 330 838 279 956 169 534 847 33 309 62 681 998 432 786 765 900 907 130 454 515 48 912 13 360 133 279 490 721 320 212 533 649 401 812 604 921 697 451 305 5 864 337 355 295 122 119 546 381 248 999 895 295 263 259 7 747 537 496 467 208 59 1000 857 811 163 812 84 859 262 388 216 126 725 570 772 198 688 318 578 288 668 824 582 930 83 940 676 971 787 143 179 197 494 387 8 656 198 91 866 812 830 81 289 554 2 60 752 690 377 681 977 45 505 910 974 939 202 2 261 988 496 791 185 341 177 544 348 727 986 213 538 815 646 826 721 647 885 824 688 614 504 16 658 360 926 983 650 479 336 263 466 831 53 2 171 582 897 518 308 882 83 197 49 728 22 769 726 258 592 414 871 447 429 880 159 706 863 808 184 550 70 2 381 475 355 903 408 252 773 715 485 855 263 533 934 636 653 11 893 596 424 116 43 853 347 201 910 561
14 414 643 819 620 841 69 520 6 211 779 457 118 335 865 688 660 190 708 692 509 891 45 678 349 414 713 0 360 94 111 430 447 491 256 801 745 663 404 517 729 889 723 991 773 8 626 426 19 870 21 794 337 415 646 684 615 908 244 327 353 354 108 799 196 363 951 941 377 355 809 105 595 532 95 367 891 72 144 261 941 165 55 278 579 52 961 546 959 556 224 311 910 331 461 105 693 412 45 69 118 854 525 712 737 971 430 979 42 574 240 334 738 294 611 668 345 923 565 304 479 788 966 388 118 427 844 162 190 241 582 307 94 106 370 182 76 799 512 469 372 751 803 461 44 413 481 741 688 397 396 518 185 361 257 654 139 100 168 680 340 749 986 785 207 707 318 634 858 830 103 581 580 905 42 976 669 874 716 708 270 111 225 806 823 481 812 962 581 979 641 920 79 979 57 637 37 374 623 894 203 725 475 135 981 868 110 1 93 825 709 362 287 933 520 109 414 331 422 346 661 415 617 91 745 673 80 781 47 702 27 601 426 853 735 758 720 844 758 812 20 818 525 306 751 44 415 516 726 188 861 386 602 477 829 346 150 908 479 548 609 505 148 386 357 883 143 428 78 252 591 98 70 115 403 172 511 169 687 236 357 547 974 958 375 802 656 524 709 134 423 669 638 571 54 346 805 548 773 234
170 369 369 554 140 787 167 930 374 588 296 823 848 222 252 783 740 145 919 899 964 434 340 147 802 145 480 360 0 151 715 331 220 181 86 391 691 606 429 279 962 975 252 272 350 405 927 225 113 60 648 133 49 570 186 746 726 85 518 959 235 584 642 807 764 79 549 807 684 978 85 998 304 688 269 5 92 547 582 556 958 581 688 6 150 225 103 227 309 620 537 895 555 178 701 318 608 250 124 292 579 560 641 234 247 909 239 338 455 820 245 764 400 932 121 901 156 223 127 816 194 663 711 748 193 411 65 152 12 541 795 942 100 435 176 347 343 414 36 149 585 281 264 336 564 384 236 720 606 714 887 799 728 597 898 272 360 963 424 723 855 218 665 954 5 840 652 347 605 688 848 189 320 111 876 883 847 111 954 452 176 841 603 255 789 500 527 148 814 302 871 20 871 887 974 875 726 977 222 330 16 421 870 335 883 745 570 729 207 523 533 734 715 487 988 856 986 514 355 152 815 577 171 686 463 496 560 188 473 133 869 840 905 90 175 788 834 96 868 392 970 400 125 685 886 113 892 224 626 246 727 793 823 249 830 285 745 741 825 569 226 45 408 130 135 934 269 320 381 137 64 351 888 188 387 774 652 278 349 630 523 75 422 697 323 603 334 419 343 510 339 568 554 99 50 40 32 318 712 413
486 181 31 56 958 142 327 966 746 66 854 491 349 948 650 776 340 492 206 594 648 111 794 184 994 446 208 94 151 0 806 775 115 694 962 501 819 614 130 167 243 652 593 16 701 915 618 34 686 312 543 24 232 448 122 281 488 506 950 199 270 756 325 384 801 286 884 971 251 13 137 845 16 81 212 68 347 181 101 32 493 995 56 724 443 177 356 282 682 305 832 951 412 156 686 564 793 569 534 396 933 22 592 301 102 804 368 449 984 821 480 828 167 887 903 961 64 258 594 97 915 425 400 678 932 85 242 77 6 127 472 938 149 415 590 602 218 310 402 554 482 882 733 648 120 636 609 183 245 554 632 159 979 31 189 262 115 430 338 472 908 161 762 408 576 351 10 145 660 411 50 493 644 783 141 764 770 101 298 14 654 929 525 984 311 713 246 778 494 935 249 401 96 10 809 23 361 170 519 372 580 569 217 576 703 357 339 472 809 636 837 462 917 361 798 227 73 43 4 918 977 253 319 424 614 479 446 326 648 965 698 227 885 266 802 939 622 492 410 430 128 598 243 396 959 40 622 383 434 978 301 763 230 971 538 843 449 984 169 96 300 218 674 536 483 828 474 456 319 235 237 798 832 831 193 142 223 167 877 656 144 529 770 725 499 308 919 299 643 439 746 942 8 419 829 842 598 302 297 269
309 218 471 900 891 570 321 884 292 54 244 843 952 944 505 23 458 805 284 737 986 595 609 946 288 340 162 111 715 806 0 888 885 418 71 716 963 213 938 129 441 945 624 969 715 348 819 22 266 469 664 705 214 957 712 984 137 906 582 438 202 202 677 87 619 747 154 581 311 443 709 103 387 684 71 453 31 241 474 649 709 489 705 274 797 768 258 933 673 191 722 875 392 398 313 10 497 818 943 159 260 3 262 998 687 684 451 717 925 276 365 985 117 421 259 913 189 868 198 861 58 919 87 801 669 751 810 165 568 752 323 179 755 936 177 793 620 979 509 896 254 226 232 722 646 842 635 186 709 184 47 766 102 133 918 770 884 728 286 803 831 961 982 937 896 510 729 867 488 590 762 93 167 994 815 812 187 801 350 896 984 396 13 437 880 931 207 115 10 844 918 192 804 251 129 700 760 209 918 599 798 680 691 316 25 857 480 211 9 829 458 992 224 471 781 455 753 987 570 762 182 839 953 986 89 433 37 200 994 954 798 791 985 488 459 361 697 938 924 705 766 381 49 341 203 829 795 955 167 364 68 348 202 373 333 642 157 721 841 150 675 638 293 11 478 751 372 174 688 295 230 453 675 278 793 230 106 939 536 272 655 604 620 856 328 304 850 484 25 690 634 51 680 278 61 509 28 784 682 715
74 394 727 613 734 451 5 478 371 697 376 45 709 921 78 507 425 787 908 230 171 488 506 690 819 149 172 430 331 775 888 0 78 911 519 105 541 663 686 646 601 221 270 255 176 241 463 503 896 664 339 272 705 324 322 384 601 735 244 980 518 925 46 948 188 564 404 80 578 89 725 530 309 346 137 485 938 951 339 834 614 29 105 670 352 779 406 304 865 649 283 734 574 328 681 113 243 436 192 172 524 268 702 833 966 190 669 903 140 359 88 105 388 193 774 91 323 179 395 187 828 29 920 753 709 953 217 951 388 760 123 264 27 176 96 344 365 116 247 504 826 334 960 565 878 733 656 200 912 402 738 739 782 10 843 490 314 59 793 701 818 267 964 196 442 411 540 158 878 138 661 56 471 620 620 701 704 275 252 615 28 342 705 810 351 547 651 664 957 443 716 774 709 32 970 150 794 861 307 24 998 319 79 820 290 698 520 346 325 124 960 352 465 17 513 815 915 164 830 872 958 897 997 667 280 318 168 74 178 475 97 175 145 527 995 787 224 866 132 548 989 443 252 805 459 116 971 726 279 800 597 237 49 945 255 328 263 422 753 440 248 201 967 745 727 313 531 951 178 14 850 519 456 453 323 267 569 294 992 199 445 940 435 845 884 41 173 498 463 277 290 710 478 256 454 204 568 336 506 97
955 113 573 706 600 957 84 814 137 683 199 919 976 785 701 973 154 210 616 656 939 26 194 397 960 914 892 447 220 115 885 78 0 349 708 615 157 160 290 423 728 935 414 927 731 705 713 576 940 754 100 438 216 376 727 277 205 982 83 409 901 418 266 997 119 973 964 275 133 605 697 212 539 462 138 269 518 851 196 457 956 295 246 523 23 972 151 227 305 233 987 557 3 253 906 473 577 869 747 61 473 795 273 363 608 762 983 125 964 179 933 919 825 179 441 199 502 592 426 159 176 412 715 178 16 620 650 945 840 748 5 664 542 629 26 501 391 361 625 354 891 910 273 715 88 65 914 941 8 691 99 184 454 814 713 822 785 715 766 977 462 122 640 356 751 18 208 493 378 833 846 268 94 470 334 181 535 599 473 894 641 572 77 95 737 142 268 873 208 385 849 669 506 489 376 608 506 584 100 235 768 298 854 861 767 187 393 653 138 865 547 778 788 975 224 876 468 491 749 675 875 597 344 733 437 71 340 294 6 792 528 125 89 381 985 207 920 729 860 57 946 406 834 85 732 410 961 200 900 709 874 775 657 569 507 94 992 198 739 997 989 267 122 429 647 458 636 566 539 495 974 484 252 160 920 983 569 880 534 468 940 408 594 949 328 452 394 319 650 132 668 990 398 789 419 397 598 406 314 136
887 223 54 413 436 263 1000 147 935 779 131 828 22 586 565 857 142 894 783 234 275 878 408 31 5 170 986 491 181 694 418 911 349 0 900 288 971 503 447 891 837 15 122 723 834 62 482 428 362 809 231 755 480 880 886 147 222 636 287 992 32 884 397 345 372 648 984 694 502 430 584 338 796 706 60 630 119 541 409 480 702 639 586 181 871 823 679 444 458 965 435 841 200 183 538 923 830 521 617 331 951 200 20 746 257 432 727 727 324 135 558 25 126 143 557 348 966 235 791 423 551 225 616 103 407 153 25 588 673 641 270 975 193 641 721 801 72 799 880 748 934 437 124 411 580 681 758 897 267 548 671 170 124 286 272 530 438 648 469 111 641 738 85 833 730 157 985 154 956 864 901 241 301 24 3 232 56 760 480 323 659 150 492 782 436 115 663 225 762 131 687 402 220 124 586 949 280 923 102 587 786 354 179 438 378 533 21 433 292 500 107 950 650 950 83 437 416 745 661 178 227 348 931 798 471 517 747 102 439 200 41 576 906 219 366 283 752 386 67 395 886 526 697 887 827 779 323 243 876 335 420 102 682 350 252 504 218 998 606 8 549 646 936 806 216 301 88 319 686 507 714 923 384 762 161 210 892 835 452 767 170 223 221 203 925 472 707 142 821 312 502 721 309 437 527 524 737 966 843 774
